id;stock_item_id;stock_item_imei;assigned_at;order_line_id
1;8624;Practical wirel;2026-03-04T07:05:00;1
2;75883;pink support;2026-03-03T20:26:49;2
3;7110;Maine Chair;2026-03-04T05:31:20;3
4;31168;Rustic redundan;2026-03-03T21:24:17;4
5;43502;cross-platform ;2026-03-03T11:01:57;5
6;93666;France payment ;2026-03-03T11:34:02;6
7;99850;Ariary Towels;2026-03-03T19:37:05;7
8;98110;mobile;2026-03-03T19:34:48;8
9;55453;logistical;2026-03-03T18:05:43;9
10;87427;Gabon;2026-03-03T22:04:09;10
